00033e000
00053e000
00050e000
00073e000
00078e000
00132e000
00113e000
00034e000
00044e000
00032e000
00160e002
00094e000
00124e000
00013e001
00054e000
00181ecut
00003e001
00175e028
00175e025
00175e029
00175e022
00175e023
00175e026
00175e027
00175e021
00175e020
00051e000
00114e000
00004e001
00150ecut0
00150ecut2
00150ecut1
00080e000
00156e002
00193e003
00145ecut2
00145ecut1
00145ecut0
00022sam
00141e001
00159e002
00095e000
00087e000
00180ecut
00120e000
00006e001
00074e000
00225e000
00011ecut
00088e000
00107e000
00085e000
00112e000
00023e002
00023e003
00157e002
00192e002
00046e000
00220e000
00115e000
00190e000
00100e000
00148ecut1
00148ecut2
00072e000
00217e000
00125e000
00158e006
00077e000
00104e000
00123e000
00117e000
00098e000
00185e000
00126e000
00143ecut
00099e000
00036e000
00024e001
00161e002
00118e000
00041e000
00045e000
00121e000
00092e000
00109e000
00155ecut
00111e000
00227e000
00097e000
00093e000
00025ecut
00062e000
00052e000
00101e000
00102e000
00086e000
00040e000
00135e000